320193
789019
1652044
1018724
1045810
1326801
1067983
1318605
59478
1403161
731766
1046179
104169
353278
34088
19617
884394
1141391
200406
1730168
824046
80424
1047716
93410
354950
1341439
310158
1551152
796343
909832
21344
937966
1094517
77476
1306965
858877
1577552
70858
901832
1108524
1114448
63908
1467373
1065280
1061736
1707925
1166691
97745
78003
1283699
1800
2488
320187
879764
1000184
1744489
318154
313616
1089113
1737806
1163165
50863
1144967
732712
72971
811809
896878
1067839
1413329
97476
1121404
18230
1090727
51143
100885
40545
804328
217410
773840
895421
14272
1393818
887028
101829
313807
1373715
6951
1000275
753308
732717
12927
64040
936468
829224
315189
60667
1156039
1668717
4962
1378580
313838
1119639
109198
947263
863064
1075531
310764
886982
8670
1140625
67088
1035267
882095
1613103
875320
1045609
62709
1364742
80661
316709
1739940
1543151
1103982
64803
872589
835403
896159
87347
6281
707549
1551182
1103838
1559720
1327567
1610520
1555280
1156375
821189
1053507
764180
10795
885725
723125
831001
1131399
1274152
1133421
92122
883241
798354
1463157
1067491
948401
1017413
1067318
16868
1110646
310732
895728
1326160
49826
1594805
1303523
1524684
1101239
1124610
929869
315293
16875
1091667
49071
319201
813672
1022837
40533
1404912
860730
823768
1443276
1096200
2969
1091587
1571949
748954
1099590
1048911
927653
21665
89800
1061219
1510295
1633917
277948
1596532
1605484
891478
1038357
1442651
1048286
1075124
1059556
797468
1327811
1001838
917851
927971
1648416
1973239
1002242
1129137
1132597
898173
865752
32604
715153
882835
723254
1545460
1058090
1397187
1001085
1534701
27419
354190
1001250
66740
9631
1640147
831259
36104
1650372
1947559
4447
1571996
76334
1222333
1858681
30554
820313
1413447
68505
842180
4977
1446598
1260221
1035002
37996
31462
899108
1395064
1060391
1262039
1039765
1099219
713676
702165
1004315
75362
1032208
766704
769397
16918
1535527
866787
311337
1276187
1393311
1466258
1835632
900075
5272
1335730
844551
723531
1099800
878927
107263
827054
1060736
1418135
3570
895564
1004980
1471055
1783180
55785
1549802
1063761
1467858
1329099
745732
1565025
1637459
47111
1039684
1109357
849395
1585689
4904
1408198
1944048
1900304
1691493
1140859
1051470
1071739
1506307
1475260
7084
1671933
40704
1868275
92230
1297996
1385157
1097864
73309
1300514
45012
875045
1278680
1552000
932787
86312
1279967
1167379
1321655
874716
948696
1701605
726728
1791706
1751788
1318220
882184
1755672
712515
277135
718940
927628
49938
1478242
1461748
1232384
715957
1666700
1381197
1041061
1093557
833444
1442145
1639920
96021
202058
1058290
1450468
815556
1137774
72903
1037868
1390777
1045520
899051
1834584
820027
1176948
1086888
1781335
1160106
1393052
56873
1021020
1832433
1090872
26172
947484
861967
1038143
1164727
1024478
1090012
1047862
1682852
788784
1618756
1160330
1792789
1709048
1057352
1489393
1136893
920760
1932393
1539838
756894
79879
1123360
1910139
1697862
1561550
1705696
1116578
1947542
1725964
1132924
1433913
1067701
1512673
14693
1396009
105770
1650107
1376891
889132
1041130
1097362
1383650
1402057
1456346
1012037
749251
783325
916076
47217
1703399
1521332
850918
29534
839923
1441816
1353283
1444406
1659166
312069
1437107
827052
2809
1041792
1050915
1120193
1713683
1699150
936958
16988
946581
1123799
915912
1013462
935703
868675
1446596
1289490
1061574
63271
1001807
1776985
1410636
844150
721371
24741
1837240
313927
1269238
1673358
814052
1334687
1136869
1065088
1601046
1140536
1037646
916365
1524472
906107
858470
1113169
1404655
874766
1757898
1014473
814547
1034054
884887
1070304
106535
943819
1138118
1158838
27904
915191
1159508
33185
1038683
1178670
1451279
1031296
1393612
1097149
1671750
1383312
936340
1315098
1002910
93751
1280452
733099
1477333
1809587
720005
1323404
1645590
79282
65984
1758730
1121788
1677250
1096343
1060955
1679788
1179929
1190723
1434265
1666175
1446437
1389170
46619
1687229
1033767
798941
72741
886986
1585521
1403568
1651308
1243429
1618921
29905
1110803
36270
1722380
1094285
40987
1506293
4281
1335258
943452
1175454
922224
1967680
924613
728535
1823945
906163
33213
920148
1020569
1130310
55067
313216
1374310
11544
1095073
101778
740260
940944
908937
1546066
48465
1022671
1009001
51253
63754
1035443
1274494
746515
1802768
1319161
52988
1397911
1874178
1122411
859737
10456
857005
915913
1013237
1446705
1764757
84839
1126328
731802
100493
711404
898293
1564408
1015922
1069183
1445930
1086222
822416
35527
1443646
860731
811156
1048477
1324404
1439124
20286
910631
1002047
912595
1069347
922621
1533232
1144519
48898
1783398
1590955
1066119
21076
717826
815097
217346
1674101
909037
1000697
764478
1031308
1567094
1262823
29989
832101
4127
1805284
861884
749098
9389
930157
904851
1736541
92380
60086
1754301
920522
1137789
1811074
97210
8818
1669414
49196
1316835
1773383
1324424
105016
106040
1375365
1562401
1022079
1722482
912593
1101302
909327
1883685
75677
1438077
1281721
1263043
1281761
91440
1792580
1810997
1751008
811250
1400691
1889539
1341766
73124
1547873
1611983
896076
1463101
1001474
910521
1352010
23217
789570
1679273
1855612
1378789
1065696
1306830
24545
1642896
945841
31791
1841666
895417
1125259
1646972
1336920
352541
1385535
1172724
1748790
1445475
1564708
1744676
1402436
1286681
1032975
879169
1069202
74208
1801198
72331
93556
1937926
790051
1575965
1504122
1692819
1849253
864749
42888
858446
1446444
1660134
16732
110621
1124140
1483994
1056696
1794515
1163653
1634997
1897982
100517
895126
1046102
1601712
91419
51434
1025378
1787425
1285785
1070750
38777
1711269
1913510
1555812
1135951
913144
1159152
1370946
62996
1609711
1792044
759944
1468608
1070423
1780232
849399
1786352
51644
930826
21175
1725057
1447629
910606
866374
1468174
914475
873303
1082554
1287750
868857
1474432
320335
877212
1406234
1174922
1591698
1423902
1810806
1372920
1111711
779152
879101
1527166
1331875
1003935
891103
1333141
91142
842023
1177702
1001290
719955
855658
1915657
1161125
906345
1669162
726958
1170010
1219601
1177609
77360
1145197
1811210
1043277
1447669
874761
845982
898174
59527
4457
1019849
1013871
1552033
1289419
1062579
1767582
1571283
5513
1849853
1650164
1531152
1333986
1100682
765880
1665918
1467623
1588823
1127055
818686
1042046
1327068
91576
1611052
806968
1617640
105634
1089063
1127248
769218
1734722
1681459
1002638
1590895
908255
1732845
1815846
96943
1618732
1278021
1658566
12208
78128
1000228
1048695
1109354
1699838
352915
1604778
1428439
1076378
1618673
1438654
1450123
1880661
1501585
1507079
888491
1579241
1024305
1604028
1015820
1049183
314590
1783879
1090425
1433270
822818
737758
764622
1037540
880266
915389
1754581
1446418
20212
315852
1027664
1170858
1232524
1858985
1166003
1177394
1668397
1261333
1545772
812011
1015650
89089
1027552
1492691
896622
1560385
1043604
800954
1529192
1034670
1309108
1370637
1481045
1321732
1707753
831641
1021860
764065
82811
1720635
1357615
7332
1973832
1642545
938323
730272
1267238
1579298
1043219
887225
216228
1298675
1308547
315213
1436786
1831097
842162
74260
19584
1596783
26324
46080
1647088
1557860
1037038
1073404
1573516
1520006
794170
1065837
1838413
1069157
1519751
1766502
1789832
910073
813828
927066
1826168
1342874
108312
1835830
201533
16058
1005284
6201
1509589
1163302
1528396
1977102
350894
1633931
1330568
63276
717423
85535
34903
1818201
1579091
750004
1475922
49600
1455863
29644
1570585
1842827
871464
813762
1653482
355811
1535929
37785
1511737
103379
1818874
1486159
1598110
100826
1520697
106640
1237831
1023128
1486957
40729
1635088
818479
1442653
1584509
1131383
1449003
71691
1206264
1558812
96223
1302215
1856525
1513845
1021635
1446457
1469395
1173382
1723089
1512544
1603923
1438569
723612
874015
1973266
701818
1845338
1264136
1562088
1895262
1749723
1378992
701985
1324948
1499620
1433195
929008
916540
751364
892553
801337
941221
1116132
1289460
1071371
1771917
1673504
939767
1637810
230557
785161
7536
1722684
12659
1408075
84246
1123452
887936
851205
1428336
769520
1050140
936395
1448056
1398659
1852244
1069878
1437178
720672
906553
1619762
1477049
1046257
1600033
1650729
317540
917273
892450
853816
1430162
1581068
1037976
1479094
1796209
1408710
1530721
109563
275880
1513761
1050446
1347557
1014739
912767
36966
1534504
1860742
914208
66570
775158
1623925
1868778
1772016
1465128
1820953
1107843
1448978
74303
1835963
704532
1046311
1092699
70318
1492422
1157557
1592000
1455955
350698
937098
795403
921825
1703056
1616862
1571123
1723690
1553915
1690820
1957132
94845
889900
1366561
802481
1449005
771992
889331
866291
1035983
1360604
918646
1334036
22356
1451505
1402388
1003078
1846832
1125376
1766363
931427
920371
1544522
1489079
1474735
39263
1437153
1852131
1047127
1636222
1477294
1546354
1422183
1493594
1786431
1445305
1944013
1492074
1748797
917251
1655888
1842022
885550
1472787
1447137
1411207
1040829
1178819
1347426
28412
931015
717605
314808
1764013
1144215
1803599
932696
1061894
28917
1616707
851968
1833756
1816007
1448893
1660280
1360901
1062066
1530950
893538
1576789
1365135
887153
1701732
1612042
1142417
98362
1782170
932470
1910851
91767
1113232
764038
1124198
1604821
1637207
102729
1437774
70145
14930
1049502
1076930
1819928
15615
56047
1214816
1057877
30625
820318
1583708
1770787
913290
78150
1567514
875357
1419612
1291733
730263
1866368
1418819
22444
1666138
1736035
1698990
1602065
1068851
1521036
1018963
1884082
876437
1114700
1308606
1115055
945764
1692063
1423689
1820877
1722608
840489
1609550
1639300
1786842
949870
1159036
78239
39911
1588489
1032220
1286043
1649094
57515
1015328
1212545
1739104
849869
85961
313143
1442655
1124941
1476204
1575515
1866581
1764046
1516513
1437578
1433642
1590714
109380
1128928
1644406
1820872
1906324
932417
1791863
1584207
1439288
1567683
1012100
763901
824142
924805
1556593
1476150
816761
1111928
884614
1050797
1004434
1823529
911177
1510599
1676238
1545851
1326380
1552275
1094972
1288847
1562476
1297989
851520
1282637
1528849
1429937
1710864
1477720
8858
937556
20520
899689
69891
1675149
913353
1674910
822663
1039828
1520262
944695
793952
1799208
1307954
1618563
1839439
1805387
1819848
1495153
89439
1794669
1743881
1757073
1331520
1688568
833079
88121
46765
1495798
1720671
356309
1636519
1692115
1569650
1029199
766421
833640
1674168
1821825
30697
1496963
784977
1071321
9092
895419
1759509
1585364
714310
1659939
38725
1726122
707179
9326
1435969
354518
890926
1800227
1576263
1104485
1788348
1621563
1674862
1782754
887343
1581990
1296445
1802450
1949543
1144980
1809104
1786909
1639438
1487712
1108426
1747009
1877322
1093691
67716
60519
1299939
856982
1863105
1274173
37808
1279495
52827
861878
1070494
1381640
1363829
1494728
16040
890564
1670592
1621434
59558
1822479
1934850
1000753
18349
1070412
98222
1841804
1609253
776867
40211
1280058
1569345
1424929
1126874
1122491
772406
821130
1447945
1776967
1289308
1604481
1328581
1104506
67887
88205
1627223
1587732
1418121
39368
1508633
933136
1361113
1806837
871459
1111335
1174169
1694028
1378239
1728951
277509
1434588
1273813
919012
1372612
1394832
729986
1531048
42582
1672013
1702744
1061630
1580560
795266
855654
1527636
871763
1338749
90896
1632127
927003
1682745
7431
1590364
1868941
817720
1025996
1492298
23194
1835681
1710366
1739445
1981792
874866
1524358
36029
29002
3453
1830214
1509991
806628
1064728
1674416
711377
825313
1867072
1828016
1031203
1711279
868671
1817358
1737706
1130464
1822993
1013857
1657853
1345105
1902733
97216
1178879
1396440
1666134
1670541
1861560
1564538
1807192
1012019
78890
1258602
103730
1699136
1038074
832988
1553920
1290109
1158324
1796022
1376139
1769731
794367
1745431
1745916
1192448
1368622
921738
912615
1412558
1580905
1018840
1656081
1061983
1110452
1045450
1030894
1835539
1577526
1801368
1381668
58492
1336917
1576280
1717161
1023514
1638833
1888886
717954
1834048
1433660
1466085
10254
1446694
66756
1648257
1477449
1762506
917520
1483934
1551306
1579428
896262
1094831
1441683
1628908
17843
108516
1295947
814453
1364479
1320414
1560327
933974
1685040
1592386
785956
101382
913142
1032033
891024
1086600
43920
1704715
1126956
1345016
921638
1718512
1122976
1466593
1136352
1049659
25445
1549107
897723
816956
1821586
1698535
1877787
1169561
1592438
1993004
1158449
1071438
1532173
1595761
1056903
1090633
1848309
1811414
1088856
1869198
1742924
1626115
745308
105132
750577
850460
1611647
1454480
1955520
1084048
39899
773141
1567526
1287865
1664703
1522540
1820721
1142750
1195737
1574540
1597264
1424182
763744
25232
1828108
1459200
1328237
1056288
1714174
1035201
109177
1109345
1564902
1276520
1078271
1283140
1596967
886977
879407
1771515
1831651
1037676
1714899
1856314
1651562
1726978
104889
1504764
1417398
860748
1356570
760498
1829726
928022
1624794
1625297
315709
1759655
1603756
1836470
857855
771497
1760965
885590
1001082
1830043
1840776
1355444
928876
1515673
1639691
1077428
780571
1932737
81362
1828365
1655891
883984
719413
1633978
825542
1617406
1224608
1253986
1039399
913241
1517375
1161728
886346
912958
746598
866706
1384905
1834622
944148
1969373
1430723
1679688
1965040
1756770
819793
1284812
1157601
1420800
1311370
1207179
1704292
73756
1853717
1522727
1565687
1561680
67215
1653653
1691303
1164863
1530238
1361658
1388658
1712807
1727263
1741530
797721
785786
1060822
351569
916789
899715
885639
1380366
1476765
1054905
56978
1570187
910108
894315
1620533
1451809
104918
1563411
940942
837465
310142
1144800
1114483
1603145
752714
1516551
751978
861842
1800667
1230245
1366868
1711375
1293135
1652130
1109138
1651717
56679
1883313
1280784
1577916
1898416
812074
874499
912242
1057706
1406666
1689923
7789
1362004
1834488
793074
1600438
1364885
868780
1627272
1320695
1287032
84748
1599489
860413
1421876
1559865
1615903
1632790
1637873
1824920
1628171
1364250
1671927
1559053
1679049
1517302
935036
1083839
72333
1575828
278166
1041803
912766
36377
1935979
1297184
894405
1334933
1497770
1795139
1958140
16160
1792849
876167
1495932
1069258
1610250
1856608
1547903
874238
1740332
1013131
913059
1866175
887733
67347
1845815
1857154
1765159
877860
1379438
1807794
1809519
1299709
799292
1827090
1590717
1541401
1823306
1049521
1929561
70866
1110805
1469367
835011
1275214
901491
884713
50725
1337619
1526520
1090116
828944
98677
1051512
1582313
1845257
354647
918608
1593538
718937
1580670
888746
1405495
1167419
1980088
1647639
1070235
700923
1494259
1848763
1718227
883948
78749
1677576
1750
803649
1546417
1040971
776901
1389050
1507605
1413159
1526125
1553079
921082
1823652
1601072
1967649
700564
1984060
1317833
1810546
1819994
1561894
723188
2230
1770450
1721947
1825570
1582961
821483
1508478
897077
1350593
1104657
1276671
1543726
1892316
1658247
1295810
1477641
1137887
850209
1517413
1210677
1692787
1724965
1013934
1280263
1157408
742278
1570827
1039065
46195
1576940
1568100
1286139
790526
1085869
1622194
1650132
1828962
1411579
1842718
912728
1552797
1853145
1804745
1385280
1077183
1584425
733269
1289848
766829
1029142
912562
1720990
1410384
1498547
1858257
1841156
1299130
1898496
1329394
55242
1735707
1408100
1028918
1864163
1526113
1717393
26780
90498
913760
1498710
811532
925261
1611547
730464
1825088
1275617
1263994
1386716
1878057
1096752
1642365
1190935
1042074
1373670
708955
1856485
1825155
1354327
1331284
1265131
1639825
893691
929351
1591587
1840572
1635984
1850270
1070081
1851003
1340736
107687
99780
885245
1295401
1529274
1681769
1024795
66382
1323885
105418
1742692
903129
926326
1853513
107140
1508655
310354
1915760
1490978
1260729
1636639
1694426
891014
1530804
912093
1657788
1888447
1921963
1823239
1022408
730708
1715497
812801
1298946
59440
887359
1029145
1772253
821026
800240
1307748
1723596
1309402
1527590
64996
94049
1898795
1828318
1262976
1576018
1579877
1885522
1504776
1786205
19745
1504008
76605
1974138
1576427
1837429
1361538
1281895
1907085
866829
708818
745543
1876183
1647822
793733
1078075
799195
9984
701374
18654
1308648
1845097
1288469
1874944
1005757
933267
712534
1745999
1848416
1474098
48287
936528
1043509
924901
1676725
1532961
1384101
1601548
887596
6955
1419945
1350653
1534675
1488139
21535
805676
861459
1392972
1809987
1645113
1511337
1669811
1359841
1620393
1836057
1289877
845877
1628369
1525769
1267395
1846510
1569963
1809541
1322422
1395942
1395213
1067294
1034957
1758057
1572694
1739942
1083446
1564618
1922641
1627475
1712189
1771007
1407623
50493
814083
1864843
1712184
933036
799167
1482981
1414932
1952073
1819796
1785971
1339605
1824502
1801169
1253327
1881487
1653477
1666291
1756607
794685
1446847
1124804
1101215
790359
1380936
1481513
1856437
703351
899629
908315
1114995
1826600
1537054
1158463
1773427
1527508
103145
1314727
1607939
1731348
1830081
1070985
885740
1839839
1941365
1434614
1777921
99614
1022321
1616318
75288
203596
1180262
1689796
1588978
1756262
836157
1529864
1854587
1767258
1539638
1834494
1832466
1610601
894081
18926
1050377
1743759
1528437
1709682
1500217
1074952
1063259
1332174
1375877
1030469
97134
1733998
946673
703604
1861974
1322436
1369568
804116
912892
1691445
1649749
1773751
1811764
1702780
1467760
1052752
354707
1332283
110095
1468328
715072
1829959
1356576
1853860
1599298
1616000
1781755
1676163
949039
1767042
1471265
1822492
1396814
1362468
1597033
1369241
726854
1879016
885978
887905
1649904
1861737
1808834
1703057
1653242
807882
1166388
1601830
1549346
850141
899923
923120
1345126
1298699
1340122
1809122
906338
1385849
1690680
1157842
1496099
1596993
1025835
1438133
36146
1968915
57131
1690511
1704720
1048268
1338940
883237
1357450
1173420
1116942
1587523
945114
1761312
1710155
1651311
1866692
1831840
1826018
1835256
1477815
1680247
712537
789460
1834489
1798618
311094
1047340
1176433
830524
102426
810136
1326110
26058
1723128
1795250
1050825
104894
945394
1462120
1866550
1802665
1599617
896841
1222401
914156
1468091
1875444
721994
1725160
46250
1499505
1023024
1415404
912463
920112
1496919
1795589
1203464
1577670
1724521
1046568
1439222
1464790
744218
1406587
1597553
1645070
821002
1612720
866729
799233
1856031
1609804
1473844
851310
907242
66004
1871130
1658551
1001316
880117
1172358
1528129
8947
1768666
1706431
75252
1545654
82020
1629019
1825367
930420
1777393
1624140
1230992
1680062
1946425
907471
1759425
1293613
794619
1270523
354963
835324
899460
1854640
907254
1840502
1568651
1120914
1957146
1581760
63296
1158895
923796
102037
1095651
1163739
1326732
1840199
1958086
1680056
1275014
1172052
1793229
1713334
1503584
882796
811589
1730430
1683606
1966983
1600620
94344
876883
1475841
1423774
1708035
34782
1005210
1868726
1607678
1841968
1568194
1323468
1617553
1566388
1578732
1409493
1519449
1581804
1453015
896264
1611005
1772695
1842279
1091748
1616678
1789940
1860543
1276533
1654795
1843762
1421517
1857475
70487
1692412
1178970
1227654
88941
1605607
893949
811596
314489
1725255
1620280
1731289
1820144
944809
1889109
1488813
1816736
1013880
1260563
1379041
1654126
1608741
1793663
1846576
1222922
1835591
1759783
1793862
1657312
910406
1440972
880631
1962918
1047335
1562528
1758488
1128361
1018979
1746618
356171
1465740
18748
1590976
1524741
921582
1856236
1799983
1174850
1863218
1737450
1059262
1679363
1595974
1739566
1893325
1674335
1318568
40417
1845437
879526
1495222
1021561
1563190
1342338
1828248
215466
1821769
1084961
1655050
842633
1159167
886744
1340243
719220
1364954
1425205
1123134
1040470
1266585
1581280
1068875
319654
1936804
95029
1071255
7323
1379785
792987
1829118
1499543
1798100
1464423
1851194
1127703
3499
14707
897429
1452857
1231346
6845
1481582
1493683
922864
1740594
1793882
1431695
854775
1762301
1371285
1803696
1432364
1501570
1118417
1821806
1872789
1845337
708821
1005229
886163
1000177
752642
1572957
1341335
1569187
1051004
1800347
1693256
318300
1515816
1823794
824410
1012477
1055160
1826470
351817
1698991
842183
80420
1111485
867773
1308335
1639877
1423221
1475115
710752
1754195
1489096
1705110
1664710
1687221
1020859
1042893
1045986
1171486
1425292
1567569
1499785
1756908
1379384
1606498
1854401
1821349
1883085
1688757
1670076
1368458
17313
1538849
102752
1793659
1222719
1959348
1736946
1871509
1828723
1598428
1794350
65270
1516912
1580808
705432
1809691
1843724
1368265
931148
1278752
1492165
921557
1503274
1654151
1080014
1439095
1013605
1377121
1437402
1737953
1746473
1062231
1023512
1081834
1411342
863436
1974640
1437352
1102112
798359
1928446
1702750
1108134
1777835
1065059
906013
1691421
1412408
99302
1395937
1847584
1841925
1840616
1743725
1517396
42682
1655759
1829864
1322435
1195739
890541
1712178
1514705
1270073
1141103
1418076
1622229
906465
947559
1023459
1746109
844965
1257640
1171471
910329
1669779
876427
1806201
1278895
1776661
1754170
1812364
1806347
877422
1687926
930236
1868912
1843181
1095565
1479290
1819989
1958217
49754
1828316
1657573
918965
1829432
1836564
1224450
27996
1674930
1517175
1728190
1094032
1525221
1379400
1049782
1072379
714395
1652535
310522
1267565
1743907
105319
1614178
1830487
1659520
1604665
1756699
1506289
1625791
1673985
1315257
1819133
899751
1643615
1631569
1317945
1861795
1531978
800166
1004702
755001
1830033
1740915
731012
1512920
1642122
1484769
69633
1681622
1713930
1332349
1368514
1749704
1838615
890196
1772177
915840
1293282
1626450
1232860
1834376
1130713
1138639
1828102
1845022
1085913
896156
1376339
1631596
827876
1482512
1802156
1171326
1656472
805267
1768259
1865408
28823
1821159
1616533
1803112
1944558
1428205
846901
1387467
1273685
1000623
1944057
1590877
1520504
1717547
846617
1815442
1005731
1860805
1819142
1459839
1643303
1544206
1173514
1739614
1005817
1822359
1677703
1894630
1415921
93389
33934
1053706
110471
790816
1655099
1894562
1334388
1744659
1768267
1859285
30305
1287213
80035
1478320
1851112
1846069
1769484
912603
60714
1788399
1734713
1748824
1094366
1227476
1591588
1821160
1849056
1728688
910612
1604522
350852
1802974
1484565
1873331
1831915
1971213
1042776
1319947
744187
895447
1901279
1057060
1819559
1853138
1847903
1818093
1084201
1886190
1705873
1835724
883412
1928340
1301787
1868995
1092796
1687187
1386278
1443669
1430725
1001614
712771
1216583
1166663
1780312
1945711
72573
1788257
1606757
1422930
1176984
1809196
1000694
1219360
55135
1750284
911971
700565
1990550
1836833
1833835
1778129
1556739
1497645
1169770
1819394
1309251
43196
1818383
1134982
69488
883618
1589526
1382821
1308208
1057379
1370755
853180
1278027
1805385
1069530
1559432
1300391
1383082
1856430
1840574
1524931
701288
1630627
1220754
357173
732417
1326200
1499849
1288403
1770121
790500
1720592
1059386
1017480
1504619
1728205
1422143
1145986
1349436
910638
902791
1304492
925528
1633336
1761612
1235468
100591
1891101
1260041
78814
71829
1174164
1490906
946647
108385
1604174
1452936
1425450
1313510
826675
1734342
1683695
1886878
1786108
1393726
1444380
1320375
1409970
1950246
775215
1021162
1333274
1441236
1577437
854560
1117297
1701051
1464591
1668673
1268884
1774983
1700844
1013488
1845840
1706946
1533615
1855066
1368519
1863127
1438231
1046025
949157
1782999
1793129
1185348
216851
1325964
1631574
1689375
928658
764401
1438533
1849635
724004
1383441
1727196
1826286
1855351
1504461
1342936
1160990
798949
1846253
859070
784199
917470
1672619
1650664
1778114
1888012
1334978
1534254
1144879
1050441
884152
1832928
1053988
3197
33002
1620459
1020710
1819404
1528356
1785173
1034665
926282
1768224
1481646
1409171
886128
1904856
879585
1625278
858655
1783183
1819580
798783
54381
1124524
1437958
1514991
1591670
874501
715787
315858
1562818
1758766
1837686
1517228
1794338
1086303
1296250
1337117
1781753
1698514
80172
844059
1314966
1372020
708781
101199
729580
1822928
788329
108985
317788
1839799
1517399
1753373
1398987
832428
886206
1759138
1395325
1360214
1231457
1267902
1400810
1458412
1495240
884219
1936258
1537137
1731805
1010000
1468666
102212
1623590
876779
1023313
1042729
1160864
45876
1747068
1948455
1583107
8063
1529377
1774342
1325618
1053352
1393299
1500881
62234
1653384
917100
1590750
1383058
788965
1234006
1121484
1548717
1837014
1832511
1865631
1844224
1608742
935419
852772
1880319
925683
885601
1546429
894627
1476045
1063344
1227862
1823608
1600626
1937653
1304421
1494904
726601
1609151
1710680
1865187
1810523
1842937
1195738
1170299
1737287
1075415
712034
1084869
1730463
1370053
1895597
1175535
1737927
1602584
1666071
928340
896429
1795579
1785493
1823144
1488775
1051003
357301
800457
827187
1513363
1129155
1624322
1073748
1342916
1069899
1850502
1494582
1847112
855886
1066605
1837412
1724755
1570562
1043337
1726173
1801170
1805012
1579733
909108
1820378
1133470
1626199
1277866
1848739
351834
704562
61986
1233681
1109242
1650648
880892
877463
1313310
1084765
916907
1466026
1436208
879911
807863
1831828
1630472
1710072
834365
1874474
1160308
1853962
1819790
216085
1653087
1769617
884624
876523
1697500
1636422
1508475
1321741
1471420
1965473
1528985
711772
1828250
1176194
799850
1703141
1838162
1080720
1221029
885125
1528988
1818794
1576942
763532
1880438
1375205
1617242
706129
1799567
1864208
891166
1087786
88948
1487952
1806310
1050743
1554697
1956827
915779
1163668
1259708
924822
890447
74046
1866633
1322439
25475
1464343
1651958
1314052
1966287
701347
1628063
1413855
1692705
1704711
879361
783412
1758021
1827821
96869
1173489
1002590
1478888
1831631
1819576
924717
1340677
828803
1840856
866028
1854545
863110
1500435
743238
1806952
1517518
1518557
1803737
1475348
1635977
1842731
1850235
1383414
1922097
1026214
1870940
1124796
1816233
1703956
1673772
1116463
709337
1760689
1655210
1840439
1412095
1834974
1747079
1070524
1362705
750686
796505
1796898
737468
895531
1814287
1493225
1823986
1823878
1975218
1587264
1599901
712770
1137393
1385613
741516
714562
61398
1957413
1793855
1472012
1847590
1215913
835948
34067
912147
1766600
1690334
886043
1290677
1547994
1285890
1556336
713425
1828852
1862327
1644378
1692376
1804591
1010086
1487428
1838337
65770
1534880
1562051
736772
1819253
1788999
1824403
798287
77543
1638290
1434754
1267813
1531031
1823587
357294
1865407
1789972
870780
1855129
1816590
1113809
1227500
1953530
1713748
39311
1784440
1748907
1579684
1143513
1772921
1782430
1490281
1851959
791963
103595
1889123
1683825
23795
1059142
1308927
1109116
1066719
1861115
1318885
1761918
314203
1108109
1403256
1668243
1933414
1865389
1561566
1476034
275053
934549
743367
1574197
1857853
1619856
1044777
1810182
1306550
903419
1857816
1377630
1447362
1557746
1041859
1750264
1860879
1512762
1176199
1808805
922357
1625641
1210123
1517006
1866501
1384195
1831283
1812923
1495825
1494530
1699039
1899123
1400891
1754820
1288992
1074540
1512499
1038773
1723648
1759774
910068
59255
1538263
1071236
901243
1581091
1831363
75208
1964333
1258623
1766400
1671858
1281926
923139
1396277
1830188
319655
1127537
932695
1937441
882150
1587987
1318008
1580345
1291334
866273
1518621
1824814
1501796
717720
275694
1484778
1843477
1808865
1567924
1759824
1219120
1780652
1500096
1855756
1035092
1828791
1016281
878518
897322
1708055
811808
1796280
1635650
814585
1275168
1803901
1812477
1708259
1122904
1606163
1293971
1559991
1970622
1287098
908993
1268533
1786248
1705843
768899
1401521
724910
1891856
1899830
1944552
827773
1515671
31235
1792829
1058867
818972
879635
1838957
14846
18498
826020
91847
1786255
1393584
1889112
1018399
1843586
1687932
1437071
897448
1579214
1676479
1899883
1798749
65312
1125345
1835856
1377936
1841024
884121
1847577
1503290
1879248
1817713
717538
1640266
1883814
1515940
23197
1015383
1412665
1282631
1137391
1769256
1661181
1855747
1505952
1831359
1795251
1440153
1970509
1857410
1377789
809248
1325702
1995413
1356115
1703079
826735
1745059
1447028
1802883
1091223
778164
76267
1590560
1348911
1570132
1680379
1062822
1590584
1805890
1762417
1854964
1712463
839533
1551901
706698
63330
1369085
1163609
1094324
1903870
76282
1828536
1337298
900422
1098972
1058239
1602409
1817159
1592057
1593548
1289945
1720420
1053584
1217234
1074769
1711570
1388141
65172
1023731
1720424
1547459
1327688
1827087
1356090
1552198
1640251
1912461
1189740
1616543
1651561
890393
1381074
715579
1820190
1392326
1390195
1851909
1515324
1282977
1083301
1261654
1436425
1056943
1496323
1373853
1606909
1848731
1533924
1822966
1615063
1873923
898437
1721386
1244183
1539337
1419536
1810019
1606366
1171155
1284940
919893
1413837
1095146
1734107
1808220
1825079
1717457
1001385
1038186
1421461
1923840
1866757
1041514
1138723
786035
1637715
1235912
1375340
1720116
1856161
810958
1275187
1813914
1839341
1403475
1214935
1846975
1316517
1230869
1041657
789933
1027838
1110611
5981
1286613
1431852
1743102
1130144
1877333
1868640
106532
818851
1863362
1277902
1762303
1162027
1798562
891290
1867949
1862461
1811063
1848323
1287480
69733
1314102
1166928
846475
1368493
1514416
1657045
1018164
1818502
720858
1636651
1719714
1479615
1856961
1338561
1819974
1282850
1342423
765207
1098151
835333
1497186
922358
1833197
1681206
733590
1867096
1593899
1567529
917491
1807046
1831907
1849737
1181187
1829576
1195734
714256
851170
1397702
1771226
948320
813298
1341317
1481792
1158114
1370450
1086434
1844862
1795815
844790
1849396
1347178
1729149
1899287
1615905
1640428
1653558
1041934
1020214
1871321
1355096
1521404
1513789
1699880
1434728
1227073
1823593
809173
1026655
1845550
1392380
1524025
1756708
746514
1290900
1326003
933972
862831
1333493
1096056
1766368
792966
944745
1521951
1233087
1862993
1819516
1519401
1863006
855887
1754226
72162
1863719
829365
1835654
1930021
1832332
1839998
1792781
1738021
1552800
1454741
1870600
1730984
1760854
1852353
1454938
1580262
1072725
1594204
846676
920427
276720
1786117
1878848
1574085
1819438
832327
1525201
1680581
1432133
1859795
1818382
740663
1549595
913277
1401257
1701758
1450445
1651625
1818089
1526243
1603454
1530249
1829667
1855644
356590
836412
1825249
1499422
1867102
1495320
1049606
1825024
1823000
1716583
1821393
1722964
1534992
1476840
1625101
1046050
65433
916618
33488
1710482
1822523
1172222
1163370
1840706
1769804
1540684
804123
1880441
1616156
1700849
1630805
1896084
1781730
1006655
799288
1474627
809559
1137390
1613780
1941536
1769663
1847398
1821329
1680873
884144
1005286
1102238
1554859
1703644
826154
1519061
1423869
1058811
1140102
1859686
1735438
1837607
739421
1915328
1547341
352825
1646109
1438423
825202
916183
885508
1501072
1805077
1569994
1808665
1598599
1649096
909112
876343
1839519
1679268
1796073
909494
1964979
1181506
1840904
895528
1836981
1362481
1826492
1742518
64472
1959455
1665988
1642453
1870143
1364125
1733868
1564180
1828811
1456772
1901637
1140392
1498612
1273441
766011
1318484
1794783
1661460
836147
1437283
1270131
1463972
1345099
1239819
1766478
1090009
1378950
807707
1785680
1169445
746838
1604950
1337013
1643154
1667011
1089907
1631761
1102993
1856995
41091
1894057
1328598
1013272
1876588
1431567
1371489
1168455
1227857
1576885
1040130
1986117
945983
1538716
1593773
1502573
1689731
56868
1889983
1874495
1540013
1729997
1320461
1641614
1746129
1549922
1385763
1866874
791908
1710350
1393434
1609809
1683541
1434316
1285786
1750153
1756594
1697851
1328919
1177161
887394
1913749
1071899
903651
1383084
1779474
1816431
1166258
1690639
1066194
1846017
46207
1834026
1675644
1807846
897269
1804176
859796
1753539
880807
1855474
1177648
887396
1391127
100378
889609
1860782
727273
1061353
738214
1325670
1635282
1819574
1072627
1309057
1628808
1211583
1505732
1946703
1449488
1693011
1350869
1127371
1462056
1597672
814549
1871638
1164771
801961
785557
763563
1847241
1854458
1315399
1341170
1351636
1402829
1123494
806279
1526697
1738906
1636289
814586
1656634
1038572
1649744
1077688
1487610
1725033
1913971
3545
1490286
1254370
1519505
1555279
1563696
1911545
1711933
1132105
1609988
1690585
913341
1840225
827871
1808158
1158289
1459417
1836100
1883984
50471
1874071
1852889
1084991
1828105
66901
1453687
1527728
1420520
1857190
1526119
1852736
1832038
1531177
1274792
1756390
1709164
1442836
1410098
1834253
1162194
1697532
1382101
1633932
809708
1400438
1819810
1484612
1031029
350868
1031316
1010134
1860871
1506184
1327318
1878897
1009829
1862935
1847891
1738827
1565381
1036262
832370
1778784
1678130
1790340
1625414
1278211
1842386
716314
854800
1775734
894242
1725293
1502377
1838359
805928
1472341
1885461
1752036
1779020
1386067
1178839
883265
850429
1528287
873860
711669
1861121
1557265
1715768
1372807
1823466
1156388
23111
71508
1454789
1486298
1744781
1467808
1462586
1429764
1855447
1267602
784539
1682811
803016
1383395
1852061
1504678
1704795
1831481
1327273
897421
1754068
320121
1259429
1550695
1001115
1805833
1575434
318673
1873441
1228454
1848948
1779128
1848275
1223026
320340
1412100
1069533
1383057
875657
24090
1036044
1434647
1892292
1166834
1170300
1816581
1517022
5094
1814114
1864290
1623526
1564824
1835579
816332
1114925
1696195
1783328
1505413
1725123
1140411
1436126
1701809
1684144
1826000
700841
1589420
1717307
30125
1856948
943535
1845368
1660334
1824153
1258943
1939780
1901336
1875558
1824185
1813452
1722606
355948
1175680
1057861
1000209
1382230
833040
1816613
1157647
1600641
1622148
1757064
916793
1452477
1839175
842517
1549966
1704299
795800
1512931
1898601
1417892
1953366
1383062
716605
1937987
1802457
1783875
1835817
1828161
1501134
1918661
825345
1835814
1588871
1074902
1388320
1841610
1682220
1831874
1832950
1828377
1843714
1689548
831655
1835512
1835378
1572334
1053369
18255
1787306
830622
1561921
818850
1572621
1893311
921671
1181504
1523836
1847064
1753706
1442236
1948294
1932770
1593222
1573221
1177162
1598981
842518
1853070
1879814
1443575
1734520
1453593
1499832
1693577
1289868
1493761
1512228
1833141
1538847
1434621
1840317
1817229
1066684
1800392
1598665
1844642
1504234
1621227
1034842
1774675
1371782
1649752
1815776
1448431
1228509
1909747
1823584
911147
1649989
1653909
1399520
946394
1847351
1119769
891482
1858848
1840161
1417802
1685428
1604464
1912582
1815620
1788882
1832871
315131
1487918
1838108
1819498
1854275
1865111
1604868
808219
1132651
1501697
1814423
1562463
1866782
1851961
1950429
1503707
1459188
1532286
1245648
882508
1854795
1391437
796534
810766
1821850
1834032
1711754
1861841
1879297
918251
315374
1114927
10329
932781
771266
1522767
1822462
1285550
1637866
1504379
1287498
891038
1826457
1838163
1616788
1509397
858706
1828376
1479681
1057083
1377757
1892747
1789029
1882198
830487
1133416
768835
1817760
1826667
1739410
832090
1059213
1393883
1904501
95574
1722010
1836274
1472091
904112
1828588
1923780
1313275
909531
1353613
1738177
1853397
1847462
1848020
803164
1935172
1171759
1752372
1643953
1576914
1862068
1895249
1439725
1831979
1580149
1753673
1838513
1327607
1854480
1562151
1374690
1833769
1835597
1332943
1871745
723646
891532
1305168
1815753
1843121
1494650
1834518
1745114
836690
1137547
36840
1828185
1326190
1506251
1759136
1962845
1261166
1837929
1835972
1462418
1289340
1209028
1900402
1781174
1580864
1530979
1726126
897802
1437424
1578987
1868573
1408534
1854139
886136
1016838
1807120
1626878
1504545
1612630
1852633
1200375
1129928
1726445
1913577
1971975
1678660
100726
1832168
1485003
1506929
1343793
1448397
1041368
1449794
1808997
1478102
1827899
894671
1842566
1861541
1884516
1883788
849145
1367644
773717
1893219
875582
1163792
1556727
719402
1780531
1095052
1441082
1870833
1851657
1627854
1829953
1672688
759866
1030997
1852019
1907982
1496749
1799191
798081
1302387
850033
1847409
1021917
928465
1173643
706863
1846750
839122
1896212
1503802
1590418
1035976
1505155
1532383
1563880
1852749
1645873
751365
868578
1801417
1600847
1855555
1825473
893847
1839530
1051343
1881462
1614806
1767837
1590715
1865506
1885444
874396
880641
1856365
881787
1055726
1845013
1782594
1843988
1606745
1759631
763907
892992
1401667
1294133
1813814
1093672
1662244
1927719
1830795
704440
1865248
1848437
1701541
1303942
1006837
1305767
1847355
1422142
890119
1597095
1838293
1437226
1006281
101984
1845149
1605301
1728117
1778016
1596961
1199004
1831006
1275158
72633
701719
1857803
1843973
1937737
1509470
1865200
1850453
1792267
1853044
731122
1547546
1942808
1435508
1750735
1978133
1419806
1844450
1543268
804563
924719
1844505
1834755
2098
793040
1516899
37472
1715433
1814974
1843993
1411688
31107
75398
1801661
759828
1847440
1591913
1875493
810943
931584
1648365
880417
47307
1829322
1745020
1316463
845379
1794276
1756701
1070732
1799788
1888654
1474903
720500
831378
1856725
1705012
1946216
1070680
1813756
1787414
1157762
1934642
1708688
1372299
1514281
1848898
1818605
1400118
882300
1838672
1896049
1612940
318306
1401564
1847345
1849475
1857855
1889450
1539190
1528115
895456
895574
72444
849146
1841125
1289636
72205
1753368
1710340
14177
355379
1828748
1892922
1162896
1390352
54187
1386570
1946021
1491419
1937891
1867443
1851484
1822250
715446
1868269
928054
1889106
1500305
1396033
1455684
1787400
1826011
811922
1282648
1882464
1672909
748691
1846235
1867834
1445831
1769759
1226616
1633438
1133311
1821606
1834336
779336
1510593
1741257
1930510
1378701
832480
1820302
1501756
1541119
1621832
1051627
1875496
1578453
1840425
1830029
845606
1758530
1907909
813623
1141688
1825962
1907223
1823406
1831978
1849548
1862463
1602658
1374328
1973056
908311
1398733
1934945
8146
1367859
1341235
1558740
1840353
1914605
1872302
1478454
1437925
1370416
855787
1895144
1832136
933034
882071
737875
818033
771856
1176334
906709
1354866
1838831
1721741
1877557
1502557
1849820
1828937
1838716
1622996
1007587
1488917
1553643
1302028
1871149
1496443
1045742
1822366
1615165
1850838
1843370
727207
1018735
1434868
1850902
1518715
1831270
1888734
919864
948368
1869601
1482554
6207
1855485
899394
1780201
1850119
1398972
1490596
1855168
1001233
883569
1472215
355019
1965143
1746967
866643
1838821
1831964
1752474
1620737
9521
897419
718413
1401040
1844817
767405
1425287
1230058
1832765
1529628
1010470
1408443
1860514
356037
1742927
1879851
1716951
1609065
719135
1496292
1672886
1058623
830271
1498403
1936224
1098009
949858
1585855
1117480
1501989
1506488
1851612
1400897
908187
1822145
1947244
1408201
1175151
1488039
1232582
1376227
1388126
1438893
1854572
1001902
1845123
1701114
1732406
1839610
740971
1788028
1584549
1865120
1165002
1944885
918541
1823575
1844981
96536
1931691
1858007
1099668
1285650
750558
1869673
921183
846596
1141197
1819395
1820175
1874218
1890671
1842556
1645460
1855693
1641229
1134115
1876716
95953
1790177
1070296
1874315
1610820
1398805
809844
1948697
1956055
2178
1357971
1922331
1108645
865400
1571776
1883962
1829280
1201792
1936702
1945422
806172
1880151
1468748
1949478
1818331
1490349
1902314
1772720
894871
1560672
1360565
1951276
1713210
95552
1746278
1426506
1176309
1907730
1848861
1566243
1043186
1836295
1851230
1881551
1845799
1852016
728387
1865697
1838000
1847607
750574
1285819
1610618
1162461
863894
1724009
1528811
924383
1279014
1823857
885732
1593984
1839990
1886799
921114
39092
1223389
1866838
1894951
1473086
1723935
1816017
202947
868278
1253689
876717
1869824
1805651
1941131
1865107
1477845
1520048
1845459
1411685
1852407
879535
1848821
1753217
93676
1286973
1849294
1426332
1277250
1008654
1282957
1859690
1888980
1900679
1641631
1873835
811211
1543418
1437479
1875257
1751783
1852973
798528
1817565
1876431
1067837
1179821
1627469
1584547
1837821
1117171
1782223
1847513
900391
1936255
1743344
1878074
1841873
1560241
1133869
1401708
1386301
1922858
1346830
1844419
39020
1800682
1334325
866095
793306
1043000
1661053
1514443
1839133
1865494
1365767
723603
1586454
1339970
1851182
1433607
1681087
1768446
1866547
1841675
1170311
1662579
1835268
948708
1082038
1720893
1431959
41719
1748137
1456189
1940177
818677
1815974
1318025
1310488
1489874
1447051
1826889
316253
1870404
1040161
1126741
1826892
1096938
1774170
1675033
843006
1680367
1872529
1699382
725363
1842356
1636051
1563665
1859807
808439
1501103
1915380
1119774
1679033
1603652
1758009
13156
1539850
1030192
1137091
1645666
1847986
845611
1866816
1785530
353184
1775898
1600983
1835416
855683
1732409
1718405
1723069
1807765
1841761
1733294
1850398
1224133
1865701
716634
1812173
1742770
1392694
1031623
1290476
1914023
1074692
1114936
1866226
1849058
1850262
40570
1228627
1481028
1828673
1866030
914712
1841408
1741220
93314
894556
1746119
1867287
1178253
1720446
1702924
1901886
65596
1870129
1885998
912061
1448815
1811115
1385632
1849902
788920
1817868
1089872
1496690
69422
1764974
1662991
846671
1158172
1288795
1837344
1861233
1841586
1328792
876378
1544227
1301236
1627281
1753162
1620463
942895
1884164
1337068
1830210
1847806
847411
1869974
1332551
1626971
16859
1661998
1084554
1526329
1905660
1870778
1818838
1822791
1017303
1865861
1631487
1101396
1770088
1077640
1729173
1844452
1845942
1868775
714712
1930313
316888
1120370
1822886
740806
1867066
1557523
1886268
1333835
1831096
1843162
1698508
1053691
1276469
1671284
84112
1024672
1163389
1083743
1644771
1720580
1657642
1771910
1722438
1891944
1001171
1533998
912764
1534154
1393044
34563
1903145
1960262
1075706
889971
731653
1703157
1302624
1505065
1329606
779544
1873875
1817232
1498233
1547158
1863990
720154
1341318
1519469
842717
1701108
1410738
1071840
1799011
1847874
1882078
839087
1523289
770460
1515156
1088034
1449792
1840233
828146
1607997
1468639
1873324
1571329
58361
1849867
914122
926617
1379329
1601485
1860484
1527762
1362190
1736243
1158420
872912
1111741
1499961
1914818
1707919
1628945
898171
1929231
791718
1353538
1741830
860489
1580063
1080340
1857030
1797768
1065078
6176
12040
921299
1634117
71557
748268
55529
1527753
1879373
1886894
1832161
1085243
1597835
1140410
1883983
1874875
1463000
1722387
1894210
1682241
1778982
1710495
1903392
1266806
838131
1514490
1608390
1448597
1534969
1310630
1857086
1784535
1411690
1031235
1964021
1637736
1138978
1833214
1333172
1865468
875729
1041024
1681903
1836934
1702123
1280776
884269
1514597
1819493
1621906
1465885
1695295
1903382
949961
1006045
1629665
1145255
880242
1507957
1864531
1838987
1636282
1944902
1472072
1514743
1860663
1861063
1817640
1946399
1897245
1699906
1320854
1835615
1578348
1042187
1622879
1853047
1447380
1426800
883107
1213809
1835022
1101680
1789769
1821866
748790
1582554
1844417
1262104
717806
1476573
1881592
1721484
1896511
1006830
1319183
1865191
1881741
1682639
1075736
1784058
1396502
783324
1592782
917225
1855457
1842939
1791725
754811
1854463
1816723
1659494
1662684
1651407
1605481
1683553
1799290
1275101
1849380
1638298
1556263
1210708
766792
1799332
1337090
1398172
1833498
15847
1539029
1626745
1803914
1120970
1380106
1106213
1392994
2186
1551040
1857518
799165
1957489
1974044
1828972
850261
815577
1005101
719733
1731388
1849296
709283
707605
1707502
1584754
1734750
1737372
1879103
1524769
885731
1651932
25895
862651
1213037
1709505
1862490
1962738
1070050
1627554
27367
1651944
1854233
1873093
45919
1530766
1640043
1771885
1131554
1031233
1668340
1597892
1929589
1401914
1023109
1340476
1549145
1117057
1823086
1828805
1468327
1849466
1824884
1780731
1299969
1263364
1785424
1921865
1654672
1141240
1938186
1882963
1854368
1567264
864240
1858912
1430300
1095435
75340
1853580
1819113
1505611
1818644
1556179
1022652
1658678
1897971
1766526
1847360
1677940
1844389
1394056
845819
1752828
1131312
1297341
889348
1537028
1684693
1355848
1876581
8177
1606268
1868419
1844149
1309082
1874074
1584371
1614744
1834975
893739
1588972
1760903
862692
1846809
1607962
1696558
1336050
1750155
33533
1865045
1687919
1500375
1719395
1472619
1827871
1760542
1119083
1377149
1649739
811641
839470
1724979
1844971
1648636
1689448
1757840
1720161
814676
1705402
863900
1490161
1858028
1836242
1979332
1904286
1494891
1552743
749660
1499780
1876766
1787297
1819411
1843248
1840748
1821468
1391135
1460329
1864032
1455365
1054721
1641489
1160791
1850266
1692427
1527702
1061164
787253
101538
1909417
1713863
1509745
1759186
728385
1718500
1040896
1641281
895464
946936
318833
1939801
867840
1856028
1809158
909724
1852440
1874252
1365388
835662
1434524
1853774
1891791
1880613
1901799
946563
1178697
1762359
1830749
793524
1620749
1602380
1509261
1598646
1816708
1828522
1662774
1409375
1517496
1779372
101594
1560258
722572
1915403
1272842
1859035
1619544
1030471
1183765
1943802
1928948
81955
808326
1844507
1357874
1374339
1477246
1834045
1692415
1735041
1841425
1738758
1495231
1661059
1785494
1483510
1849670
1930179
1000045
1701756
1864055
351998
1058307
1421642
939930
1420529
1696355
888981
1602842
1445283
718332
1843656
1815849
850027
1725872
1840877
831609
1126234
1369290
1805521
1624326
1413119
1085921
1776932
825324
1962911
1855467
1763950
1227636
1713539
1894954
1404281
927719
1840229
1527096
1776197
1393781
27093
1769624
1776909
846913
1288770
1779476
1482436
1682056
1907184
1487718
1445942
1133062
1407583
1715925
1708341
1959224
1512717
1757143
1087294
1825349
1493130
1404644
1854078
1888151
1740279
829323
1854963
1709626
1708527
1017491
740664
946454
1570843
1282224
1096275
1191070
833021
315545
1667313
1757097
101295
1834585
1783432
87802
1702318
1181505
1863460
312257
907654
856128
1088413
1036848
1624422
1577445
1723580
1854583
896494
845385
1627282
732026
1708441
857949
1603207
1616741
315958
1711291
66418
90168
1832487
1878313
1553788
1061027
1819704
1391933
1846084
1760233
1397016
1390478
1452965
1650287
837852
1841209
1463361
65759
1495651
1595097
1785566
838875
1703073
1274737
1126115
89140
1460602
1783032
725394
1418489
1841387
868822
1038277
1616262
1098146
1094038
1391426
1850906
1279704
83350
911216
1026980
1310291
1590695
1769116
704172
10048
1852767
810332
1871983
1850079
56701
1487197
1708599
1101433
1799448
1396536
1643988
1913838
1321517
1122020
313364
1558924
1847075
1505512
91668
1766140
1402945
1320350
1951667
1775194
352955
1406944
700764
1839132
1015739
1107421
1652539
1769768
1865429
61004
1761911
1583648
1297937
1596812
1757715
1600422
1069394
1596856
1156041
1879848
25743
716643
1574565
1500198
1751707
1804469
1813783
1078207
1606698
1288855
1346610
1108205
1444192
1724542
771999
1951294
1413898
1836176
1892025
1537435
1839608
1719406
1843588
764897
1855557
1445815
722313
1039280
1665300
1914805
1563568
1397047
1643715
862022
1744494
1418149
1321834
1810031
1769697
1781726
1004989
1955083
1449349
895665
1481241
1908984
1879403
1633070
1779578
1512922
942126
946644
1714562
1091596
1826135
1013706
1412126
1771706
1796129
1339005
1713923
768216
79661
1820875
1762239
1074871
880406
1546296
1708493
1276531
1783407
1210618
1787518
1622057
1652561
1742341
1575858
1419951
1311673
1765850
1083220
1158780
1056285
1642380
1534120
1912847
899782
1592560
1646188
1099160
1741534
1725332
1553404
867038
1807893
1595527
1425355
1733413
1620179
1498148
1746466
719494
1479419
1722926
1000230
1378140
878932
1887603
1339688
1498067
1171838
1509223
1759546
1610590
1069308
1634293
1828253
1304161
1074828
1518561
1629210
1857044
1326205
1134765
1978811
922247
1008586
1701478
1098880
87050
1066764
1948884
1318482
1677077
888721
1356093
1698702
1260990
1638097
1307579
1807983
1823365
1090396
1492674
314227
1583771
1496383
1630176
1335112
1869467
1051514
33992
1604738
1763660
1842952
1015647
1877939
1074543
1533030
1497649
1417663
1835059
1938865
1157075
1881472
1438461
1551693
1196298
1691221
1081745
882361
1082324
1687451
1939696
98338
1697818
1083522
1419041
915358
1546853
1103795
1906133
1903995
320017
1716338
1829247
1961592
1783036
1892322
1568385
1541157
1759614
1050606
1861622
1872525
1413891
885462
1518461
1539680
1839285
1465470
1814329
1403674
1899005
1056358
1285170
1296774
1637890
1869137
1751876
1963439
797465
1677897
1743971
1777319
1930419
890066
19871
1236275
1522860
1709819
1624512
1770141
1556266
1676047
1253176
1708176
1785592
1412486
1231339
1630113
1172631
1828098
1859639
1544400
86115
1638287
1138867
1672572
1321851
1591956
1804583
1124105
1678848
1400271
1011509
830616
1738699
1582982
1527599
885307
1113313
1814963
1359931
1847846
1429260
1001907
908259
840715
1784254
1955104
1083490
1310527
1066923
826253
1707303
1831868
1800315
1811856
1826681
1706524
1414382
1477009
1595248
1967656
1756180
1854445
1829802
1815436
747540
1837493
1938046
1502292
1610682
1956744
1407973
1398453
1034760
1355839
1005516
1509646
84129
1781983
744825
1109486
1105101
1425627
1730869
1884072
1166272
1893448
707388
1384437
1694665
1684888
1698022
1385818
1659617
1510518
1785056
1169034
1680139
1830072
1842138
1123267
1579157
866439
1784851
73290
1761510
1116548
1168981
1299865
1347858
1538495
883975
1144546
1265521
1436229
1376231
1680048
806517
1009922
920990
1589061
1901215
1075880
793628
1820566
1575295
1686000
1557376
1712762
1846715
1739174
1815021
1824893
1438943
1443863
724742
351789
1928581
1820630
1784970
1017655
1445109
1934245
1066130
1379006
1133519
1367408
1355736
1941500
1130598
1474167
1864943
1591890
1854270
830656
832489
1173204
1786511
1737339
1386044
8504
1718224
1679817
1756499
1535955
1021096
1589361
1839360
1657214
1934064
34285
1782037
1782309
1819794
1008848
1625285
1855509
1421289
1446159
1858994
1014763
1840292
1277998
1305253
1784168
1684425
1951222
1572386
1370292
1874097
1437517
919567
1442620
1971544
1205922
880984
1397183
1450704
1414953
1574094
1006028
1696025
1409269
1218683
1781397
32621
1430306
1603978
1463978
1654595
1529113
1161814
1015155
764195
1755058
1750106
1792554
1062128
1487839
1347652
1549084
1296484
1163560
1444839
1555074
1084133
1485029
1622345
1347242
1660046
1582581
1933567
1679063
1140215
82473
744452
1513818
1939365
1813191
1104038
1383088
1487798
1785345
1818844
1348362
1775085
1270436
1352952
319458
1540159
12239
1476963
1840780
1718939
1131343
1026662
1022505
1393772
933738
1873722
1892480
1175596
1497253
1823882
7623
1916241
1907685
1099369
62362
1803407
1009891
1160798
1534133
1901305
1743905
1735948
1138476
109657
844887
1534248
1642159
1781162
1651721
1043961
1944399
727510
1504167
66496
1743340
1715611
1729427
1419793
1584751
1805594
749647
1899658
1448705
1422892
1817740
875355
1314196
1514056
1275477
1826671
1788841
1814215
730255
1468929
1532346
1723047
721693
1603993
1415744
1815566
1825875
1319150
797542
1703647
1589149
1787803
924396
29332
1716770
1042418
1805526
1898766
1481504
1826376
1427925
1708331
1757499
1505497
1659323
1887673
1892274
1817511
1821175
1807389
1862150
736012
1026785
1881767
1533743
1861449
1808898
1419275
1563577
891417
1687277
1408146
1841330
1806904
1320760
1650575
1641398
1838937
1584831
1190370
1086745
876235
1480170
925741
1069680
1650696
31667
1900564
924515
1536196
1642375
1889823
1922335
1362516
1368365
1902794
1597846
1792030
1402328
1518353
748592
1957538
1716166
1879726
1410428
1770236
1420720
1382574
1174940
1872964
1807887
1566044
1546383
1701261
1451512
1855631
1631282
1905956
1737523
1281845
1174891
1898643
1378590
1734005
1755237
1829794
1575793
1781193
1130166
1545224
1429560
1113423
102109
1602078
1471727
1415332
1493137
743758
1875547
1565228
1288750
99106
1413754
1061612
1729214
1626644
1522602
944075
1855743
1498382
1832415
894158
1061069
1089297
1402479
1817004
861972
38264
1333822
1346346
1619096
1342219
1588084
1681682
1567900
1016504
1387473
1394108
22701
1563298
1821075
926423
849401
1737995
1080448
1080657
1898604
1886362
1520118
1939965
1880343
278165
1445499
1011060
1811216
1547660
1342958
924168
1652452
1790625
1593184
1374567
1133818
1282847
1593549
1389002
1362703
1780785
1630212
1561880
34956
768710
1213660
1016178
1187953
1371128
1141964
1568969
1782107
1413745
1021435
1633441
1415758
1101026
1706509
1937993
1645469
1574235
1083922
1358633
1137883
1677522
914139
1543652
96885
1733257
59860
1962481
723533
1424864
822370
1403870
1473490
811522
1790169
1375195
1417664
887247
1376321
1068897
1029744
1585608
1807166
1815632
1279620
1508348
1816319
1836875
1011662
912544
1611842
709005
1510964
1875091
1905511
1812360
1851682
1293818
1553846
1650101
1684688
1132979
1634447
1777765
1582249
1128189
105744
1080319
1103090
758743
946486
1775625
910267
1668370
1470683
1827401
1538217
1640384
1801777
1464165
1558583
1420565
1331612
1452583
1557798
1110607
1808377
819050
1589150
1432290
1528188
1735556
1304409
1718817
1843165
1128281
1357459
1768946
1289850
1861522
724445
1856084
874292
1035354
20639
1681348
1023994
1166708
1958713
1128252
930775
1603793
1673481
1673475
1865127
1691936
1009759
1704287
1123596
1776067
1119190
1618500
1409446
1574232
1450894
1482541
1859007
890725
1632121
812796
1920406
1875609
96793
1492617
1711786
1552189
1861657
810509
1419051
1506928
1741489
1605057
1883083
1698530
1300734
1778651
1468978
1534525
1414767
1355250
1409036
1335105
1707910
1613979
1871181
1638911
1829635
1023549
1014052
768408
64463
1810467
1088638
1671502
1454263
1584693
1806524
1814067
1816815
1451448
1384066
1750149
823546
1622244
1324736
1858685
1482753
1801602
1326706
1885827
1605888
1555746
912607
1514946
1759352
1813658
1122993
1025561
1435064
1644963
1284237
1559157
1940674
1728328
1895618
1524872
1841800
1698113
841533
1538210
1658521
1554818
1514183
1442492
1127475
1844392
890821
1506983
1674365
944480
1372514
1810140
1460702
834285
1976923
1610853
1205059
803578
1121795
1621221
1789299
719739
1670869
1851048
836564
1494558
1604191
1394319
1558569
1689084
924095
1007019
1810560
1675634
1946563
1536089
1054102
1121702
1648960
1487091
1004724
764630
1092570
1403708
1515139
1787123
1747661
1100397
1555214
1643721
1922639
1781405
1480313
1608092
1551887
1819615
1786182
1136174
730349
1473334
1722969
1376793
1022899
1801834
1668438
1511820
882291
894501
1469443
1680962
1811623
1766267
1671584
1527541
1552670
1173313
811212
1809616
1686850
1499717
1261249
1699709
1106838
1463208
88000
1572565
1593204
1566469
1372183
923601
1532390
1443611
1358190
1609258
720762
1043150
1084551
1576197
890394
1500620
1857910
1417926
1687542
1894693
1527613
1692068
1729750
1468492
1812727
1716947
1651166
1528172
1838128
1522222
1815903
1824293
1560293
1442999
1291855
1614067
1045942
1611747
1649009
1439264
1616291
1617669
1211805
1754323
1711012
1510832
1737193
1825452
1809750
819913
788611
711034
1095981
1885408
1165320
1789192
55234
1565146
1424404
1141284
1093636
1872812
931059
1324759
1416090
1803977
1593001
1759424
1281984
1571934
1292519
730669
1629205
1481443
1437750
1782941
1580490
897078
1103310
1279715
1424768
1533040
746210
1668010
1357671
1581220
1750593
1816172
1346022
1802749
1611746
1819074
1081188
1644903
1515317
1399352
1635077
1062506
1599407
1410187
797564
1690080
1615219
1349706
1990446
1566826
1951067
1413909
1701963
1800637
1031093
1001601
1860657
1063537
1513525
1624517
720875
1694617
1870144
1173281
1716621
1532619
1725911
1811109
77281
1319643
1722731
1029125
1755101
945617
1182731
1643918
1421636
1549631
1099132
1674227
1424657
1346917
1191832
1788717
1178727
1025771
1911467
1559998
1725134
918573
1755953
1543623
1300781
1131903
1867589
1103833
930245
1946335
1613685
1402371
1411906
775057
1729944
1527352
1671132
1840102
1008653
1697834
1019034
847942
1853816
1784567
1156784
1367083
1772028
1096768
1662574
1669400
1536394
1726711
1089815
812306
896493
1376804
1398713
1401835
1406434
1445467
1133192
1534708
1787740
1585380
1368275
1689382
1829966
1502152
1409197
1462223
1648087
1028357
867028
1269026
792935
1478069
1537561
1434737
1888014
1821424
1506492
1811530
1199392
1543637
1780097
1419554
1666657
1653247
1892500
1467761
1343465
1389518
318299
1566610
1474835
1388295
1856416
1375793
1680689
1107280
1509786
1495648
1301991
1525306
811240
827099
1474558
1358403
1651992
1798270
1599117
1586554
1834645
1723980
1099814
1826397
1117228
1892492
1639068
1807707
1499494
1743745
1014111
1285543
1625288
1709542
1648903
1595353
1407704
1935435
1389545
1084267
849997
1539778
1983389
719274
932021
1426567
1443089
1749849
1830503
1437491
1680132
774415
862668
1454742
1106644
1644488
1358654
1341726
1736865
752294
862861
1601936
1750777
1676580
1619227
1295514
1945619
1068689
1609436
1851860
1088005
1603345
1682149
1039466
1762322
1680378
1515251
1652958
1456857
873612
1172178
1802546
1044378
1171008
1350102
1169138
1350156
1084475
1365916
1655075
29952
1427570
1567892
1877461
1633273
825171
1829949
1162283
915661
1725430
1512886
1098462
1696411
1531477
1674440
1355790
1530746
1490054
90391
1805087
1485074
1594968
1973160
773318
795212
1518336
1878835
1399306
1661039
934796
1282496
1304077
1575142
1661600
1102942
1064722
1502966
1635136
1570937
1467913
1604477
1789330
1082733
860543
1043894
1547521
1338929
66600
1300867
1087329
824416
1284454
1761696
1393540
1840416
1335288
1703625
814926
1584480
1128353
1508786
1406588
1872292
1416697
1434601
1627041
1698370
822746
1600132
1705338
1471781
1734262
1530185
1574553
1760764
1389067
1853718
1401395
1437476
1811999
1517389
1874138
799698
925660
1641640
1409253
727634
1587476
1975222
1913210
820608
1730773
1500123
1346655
1104280
1733298
1611852
1450307
1410708
1404804
1605331
812152
1394220
1138586
1483646
1440799
1852707
1556801
820771
1124197
1695473
1530425
352991
1872356
884650
1158702
1407878
1230524
1745078
1286768
1627480
927761
1368148
844856
1510524
1656501
1693687
1803096
1092802
1989464
1822529
1717556
882800
1792581
1683131
1290658
1561686
1607004
1419559
1132509
1624985
1355677
1509957
895287
1961
1801762
918545
1465311
1113148
1308569
1618835
1302913
1342792
1049011
1763329
1539894
1300524
1388994
1715819
1590875
1172069
1125699
1763657
1431880
1343009
856984
1085277
1762546
1321828
1331421
1528308
1435181
849636
1535079
802257
894560
1916879
1706907
1486452
1138724
1506295
1169987
1464865
1794905
1517681
731245
1614556
772263
790273
1433309
1388319
1227282
1301838
1138608
1360442
1946585
1681556
1421204
1494413
1877788
1350073
1760026
1083468
1533357
1697935
1596062
1813603
1765826
1716324
1409624
1552979
894552
1145898
852447
896747
1641751
1379043
1295961
813716
1506814
1530163
1277575
1456453
1916741
1409999
1790515
1504239
811222
1467154
1681941
1096759
1688126
1467505
1497230
1384365
1164256
1373467
1708410
1076682
1293310
1659352
100716
1451433
1331275
1555972
1484703
1438901
1431074
819926
1575659
8328
836937
737207
1161582
1777946
1741231
831489
1835567
1691077
1612851
1559172
1427644
1127993
1492091
1725516
1624658
1929281
1421907
1790665
1622408
1169245
870826
1136294
725929
1613895
1713832
1370816
884380
1866390
1300050
1141788
1880419
892832
1382112
878726
1404356
1444403
1444307
1069996
1833908
1499855
1384939
1108967
1308027
1758736
1510247
1261002
723733
1909152
1776073
1393548
1591165
1597313
1318641
786947
1886958
1552358
1286459
1551986
884247
1759124
1663712
1843974
1971543
1898722
1971542
1924064
1841931
1864776
1983736
1843875
1396878
1725210
1767057
1708646
1919847
1672571
1865833
1908054
1621672
1932072
1514587
1956552
1751156
1481585
1945415
1405528
1848756
1348952
1941158
1864448
1883631
1960081
1956955
1383151
1900035
1893124
1427437
1880431
1807616
1945240
1673362
1450922
1930207
1963685
1933951
1381871
1838406
1710523
1723788
1857971
1796514
1639142
1859199
1690437
1643301
1896677
1873723
1923183
1852040
1286405
1340909
1343491
1353226
1357660
1688897
1807689
1946412
1975992
1961847
1875016
1916416
1897532
1964657
1946573
1959994
1935092
1868395
1964946
1906425
1983324
1932470
1840563
1970653
1677615
1771755
1902930
1791942
1519472
1971260
1735964
1961346
1705682
1958839
1728162
1720265
1086313
1702015
1459862
1970544
1913715
1705181
1690842
1771995
1941029
1955728
1353614
1813744
1805586
1980034
1753945
1411057
1938534
823277
1353611
70502
1714919
1725295
1849221
1353612
1786286
1978528
1472494
1924482
1835068
1732078
1967306
46129
1990354
1858258
934612
1405513
1973553
1776738
1959304
1383149
68622
1885493
1967078
1948292
1659207
1883898
1826474
1723701
1467631
1392449
1946025
1901203
1948099
1503658
1990472
1966494
1729678
1534043
1645108
1829311
1802255
1450923
1294808
1946485
1874907
1792799
1966734
1969401
1850767
1748945
1978124
1954694
1851651
1356284
1949712
1804189
1929783
1795091
1949766
1535665
1616037
1517767
1284143
1581005
1737936
1786888
1835104
1754927
1577134
1884046
1885514
1935418
1979005
1880249
1826202
1969981
1722837
1852024
1895159
1690012
1966522
1964664
1104023
1618181
1658645
1852025
1859392
1954488
1932629
1515001
1949257
1982518
1254699
1858939
1990204
1978867
1691570
1997903
1679379
1577351
1283464
1559356
1954594
1283337
1592651
1916902
1967822
1964630
1938109
1762562
1716885
1561032
1124959
1991946
1927578
1254348
1900720
1717976
1375348
1943705
1593275
1740797
1979484
1620704
1876945
1953984
1267332
1690996
1962011
1477081
1932244
1861785
1681717
1988932
1568905
860546
1959023
793171
1963088
1883934
1756404
1882781
1968043
1460235
1761325
1546652
1765048
1959726
1520358
1986500
1978527
1974952
1739426
1958928
1628040
1678124
1874137
1923171
1960348
1754836
1982444
1831523
1576873
1957001
1990145
1353615
1821534
1736510
1989397
1960074
1917890
1962554
1791929
1936037
1980845
1983550
1937692
1975723
1888780
1947654
1956410
1947971
1670196
1960208
1887799
1887944
1483386
1826660
1919246
1967621
1962746
1967478
1489300
1902700
1861733
1954269
1964801
1282980
1964246
1931717
1130889
1794942
1988979
1964504
1837824
1552164
1879293
1790320
1852023
1994347
1978294
1661166
1981758
1753712
1610718
1403528
1688554
1914513
1753391
1608016
1827620
1283789
1771951
1447100
1964603
1469038
1827506
1674356
1551047
1687898
1843573
1965671
1908233
1962144
1973368
1573901
1912884
1062750
1943661
1868110
1905920
1907108
1875655
1850059
1903464
1905951
1644515
1948436
350403
1886444
1968487
1910053
1952976
1888525
1936817
1966750
1912472
1806905
1793895
1970371
1862044
1879754
1798458
1957252
1908705
1867506
1965044
1884434
1972529
1912498
1936574
1958489
1951089
1726822
1904958
1885840
1873454
1943444
1920092
1934836
1896425
1979330
1971115
1631256
1987176
1970743
14272
1652044
36104
1067983
353278
824046
19617
19617
70858
70858
70858
70858
70858
70858
70858
937966
1306965
1577552
1114448
901832
1094517
72971
72971
1108329
72971
879764
1000184
1089113
732717
811809
831001
217410
1668717
1121404
72971
313807
863064
1268896
313838
1378580
70866
769594
1000275
948401
1140625
1123658
835403
67088
36104
895728
310732
30554
36104
886982
886982
1463157
1274152
1549802
895421
1131399
1129137
1524684
1067318
895421
1119639
1303523
886982
895421
895421
895421
929869
1096200
1443276
1091587
748954
891478
1326160
899108
1021020
1022837
1166691
748954
1395064
1329099
719245
75594
1004315
718940
1063761
1232384
1039765
316709
1099219
932787
1099219
715153
1002242
1160106
1045609
844551
842180
1900304
1446598
1232384
1393311
75594
895564
5272
1116578
1001085
948696
1450468
1335730
899051
886986
1279967
899051
844150
943819
1393311
14693
1038143
1376891
920760
312069
1012037
1160330
1434265
1297996
733099
839923
1334687
1451279
1243429
814052
63754
1618755
16988
1070304
1446437
1269238
63271
92122
1297996
93751
1447629
717826
46619
798941
1736541
1560385
93751
930157
1712356
1439124
924613
874766
35527
811250
1069347
899611
899611
1461748
1190723
910631
313216
1748790
915191
12208
1560385
1560385
1030475
1041668
1158838
1400691
91576
915191
1004315
1001474
1038683
813828
1754301
1172724
759944
915191
1004315
1281721
1669414
915191
1445475
1547873
871464
1858681
1043219
91576
929058
1043219
927971
1438077
806968
915191
1003935
930826
1564708
105016
1333141
912595
1611983
1281761
1281761
845982
1442651
947484
1611983
1161611
1127248
800954
1163653
1545460
4457
24545
72127
1504122
1026214
91576
1062066
1111711
769218
1125259
1026214
1723690
1159152
818686
1438569
1438654
1347557
1570585
100826
1127055
1810997
1617640
1436786
1049183
1447100
898174
1560385
1076378
1423689
100826
100826
1884082
1446418
314590
1123452
1385535
1442653
1449003
1786909
886982
1560385
34903
1423689
899689
100826
899689
1562401
1562401
100826
100826
1438569
1489079
1570585
1438569
1710864
938323
1157557
1481045
811156
1558812
879101
913144
1446596
1527469
879101
1535929
1455955
1534043
1455626
78150
1156831
1156831
896076
1004980
1449005
1447137
18349
1403528
1040971
1437178
5513
1695519
899689
1593538
1685040
1004980
794685
1004980
1004980
763901
1110452
1004980
1437774
1792627
1567683
1090633
1004980
1004980
1412558
1214816
936340
871459
1045450
1435969
1546354
1004980
910073
1671750
1032033
70866
1792045
1792045
1378239
1447945
803649
1126956
1487712
1172494
1492074
1571283
1792627
720672
1685040
1062750
1110805
1012019
67887
1363829
1110805
1363829
1308606
37808
1336917
1446694
78814
908732
1015328
11544
43920
1465740
1409493
801337
1409493
1062750
714310
1511337
310522
1474098
932470
1474098
98677
1409493
1592438
310522
1380366
1023514
310522
99614
1012139
310522
1465740
357294
1144800
1648257
1465740
1712184
1421876
1534043
912892
310522
92108
1409493
18654
1110805
1618563
1958140
107815
1592651
18654
18654
1628063
1660734
1055160
714310
894315
310522
1958140
18654
7789
887733
310522
1543726
1770561
18654
910108
1683252
310522
18654
310522
1110805
310522
310522
925261
18654
107140
310522
310522
1504461
310522
929351
1446626
1260729
1553079
1829948
1437071
1504461
907254
1437071
1026214
1553079
845877
1026214
1569963
1712184
1464423
1026214
1026214
1464423
1026214
1026214
1585389
1534126
1412100
794685
1026214
1259429
1490927
1280784
1026214
1816901
1345126
1091883
1026214
1026214
1026214
1526113
1026214
1403431
1026214
1026214
1026214
1345126
1598655
1598655
1026214
1026214
1400891
1267395
719413
1273685
1026214
1026214
1026214
1598655
1728205
1482430
1677576
1569187
1497645
40417
1616736
43196
1782999
1063344
1448978
1709442
845877
1345099
55135
1023512
1340243
315858
1209028
1503584
1323468
1503584
1063344
845877
1503584
1385145
1561032
1503584
216085
921671
1063344
1844280
1313510
729580
1760717
863110
353184
1060349
1495222
800457
1488813
1726173
1488813
8063
752642
1587987
1234006
1604174
25475
357294
1214935
1499849
885275
1629019
1495240
1495222
88948
1533615
1856242
1452857
909531
1514281
1556898
1321741
1762303
1762506
1514281
1815620
1849475
23426
1465872
1080720
23426
1227857
1166663
1318885
1571776
23426
1166663
1160846
46207
1593222
1812234
23426
1459762
1479615
46207
1041657
23426
1944885
23426
922358
1355096
1243429
23426
1567924
1824153
23426
1232582
23426
1653558
1571776
23426
1495240
23426
1574085
1641601
23426
1756594
1598599
1685766
1896084
1859795
1848756
1574085
1551949
71508
1874218
1873875
23426
1232582
1271554
1232582
1232582
1434754
1302084
1232582
1434754
1046995
1095315
1850453
1578453
1606745
1333172
1347652
1333172
761648
1814974
1811115
1662991
1827506
793040
716634
1705012
1301236
1888274
761648
894351
93676
9521
1301236
1301236
1589150
1282957
1166272
1854078
1712641
1875931
1430725
1578453
1004530
1863181
1632970
1717452
1841675
1501078
1882839
716006
1007273
1853825
1515114
1429260
1087456
1448815
1787384
1650739
1389207
1816723
1178840
1842498
1679063
1705259
1844149
1823575
1895251
1496454
1178841
1362898
1678105
1434674
1463833
1738699
84129
1787005
1762359
350403
1898601
838875
1792597
1723059
1175483
942149
943034
1505065
1528760
1598323
1786286
1734875
1800373
1636050
1444874
1415397
1076691
1891512
1634394
1869141
1130166
1835385
926423
1791325
1568628
1068618
1751700
910679
733337
1716188
1580095
1444874
1042046
1002135
1882607
1607245
1531266
1396633
1470129
1731727
727346
1158399
1131343
1439237
1645155
319016
1737270
1949766
1527541
1603207
1019671
1769725
1827855
1376986
1617765
1376986
840551
1898643
1771755
1734768
1415813
1816554
1807387
1377167
1052054
1435812
946112
1301713
1559356
1446371
1551206
926844
922521
1609139
1723517
1312109
1318482
1804469
1294404
1637890
1588014
1067873
1358099
1442853
1395445
1868079
1435064
1263011
1607679
1410172
1487198
1385799
1078037
1076262
945828
1508381
1828098
1739426
1631463
1779303
1776048
1458631
1756704
1762322
1532981
1475430
1177167
1078799
42050
919175
1593034
1041633
1636509
1509228
1825270
1099234
1623360
803097
1709401
1205181
1495584
1000298
1797762
1435617
1094084
1386049
1550222
1428389
1492448
1002771
1383701
1527541
1682265
1685237
1119897
1000683
1351051
1640251
1898643
96699
1349929
1645260
1553264
1642178
1839730
1591615
6494
1370496
822411
1004724
1420108
822655
1671818
1516887
1313938
829325
1602813
1653606
1794311
879682
1498372
1533106
1429859
1471302
1058330
842722
1540615
1514113
1108248
1458023
1488501
225211
1413488
1325950
731245
1178660
1503458
1498291
1300938
1664127
1496671
1041588
1317880
1584831
1433551
1787412
1490054
1604930
1415306
1525852
1407591
1621221
1653821
715788
1863116
1566610
1305323
1144169
1569340
1404935
1744345
1715032
1415684
1286648
1523486
1351573
1614466
1569329
1368637
1795851
941685
1714379
1304741
1548240
1472847
1519177
1778805
922612
1374881
1114898
1652842
1420368
1635748
1079282
1394638
825322
1590383
1819876
1384135
1383637
1463459
707511
1274032
1507181
1579010
1863976
1106861
1550020
1338672
1627611
1284450
1622231
1456802
1751299
1113513
1532595
1353499
1119643
1122742
1805024
1040850
1372954
1108046
1084577
1414043
1358656
1606457
1734902
1430523
1652866
1729089
1575420
1368620
1142790
1081938
1489588
1554906
1598308
1493712
842183
70858
70858
70858
70858
70858
70858
70858
846617
1004702
813828
70858
70858
109380
109380
109380
1614806
1144800
1737995
1744494
1145255
1848898
1848898
1571804
1274173
1822928
1690012
1690012
1760689
1866782
1847075
1553788
1406234
1406234
1406234
1801602
1501697
1501697
1729637
1783036
1014763
1844452
1777921
727273
1884046
1930021
1930021
1896212
1562528
1821424
1862935
1862935
1857855
1857855
1935418
1847513
1847513
1456772
1854480
1854480
1801417
1801417
1407573
1936255
1936255
1826671
354518
1786108
1644771
1795938
1642985
310732
1567526
1785592
1569650
1825249
1825249
1818331
1832136
1832136
1818382
1759186
1526113
1526113
1526113
1514281
1840292
46207
1934064
46207
46207
46207
1869974
1845942
1845942
1840425
1840425
1840425
1946399
1281895
1690080
1951378
821130
821130
821130
1143513
1482512
1606268
1853044
1853044
1718224
1855467
1855467
1885849
1552000
1881487
1823878
1635077
1887673
1841209
1853774
1835817
1000209
1853774
1841004
1835817
1855351
1855351
1841125
1841125
1838000
1835814
1835814
1849548
1849548
1838000
1901799
1742927
23795
1823144
1687187
1687187
1555812
1846809
1846809
1815753
1815753
1865407
1865407
1824502
1858912
1858912
1360214
1360214
1561032
1852889
1852889
1937737
1627606
1936702
1936702
1936702
1030475
910606
910606
1867287
1867287
1867287
1829247
1691421
1004434
1004434
1004434
1892922
1892922
1512544
1847891
1847891
1889112
1889112
1970509
1970509
1402328
1929231
1929231
1929231
1254699
1845149
1845149
1774675
1070050
1680935
314203
1889823
1679063
1679063
1679063
1840780
1760903
1730346
1807765
1855756
1885461
1885461
1857803
1857803
1713539
1848861
1848861
1855168
1855168
1863460
1863460
1863460
1830081
1178727
1178727
1886268
1886268
1846975
1846975
1955104
1849635
1849635
14272
1842566
1842566
1879297
1879297
1865191
1865191
1885998
1885998
1848948
1861063
1861063
1894057
1894057
1468608
1572957
1899287
1839360
1665300
1498233
1850502
1850502
1848948
1335105
1055160
907254
1585389
1372514
1823857
1823857
1823857
1784567
1784567
1784567
1877557
1877557
1854795
1854795
1847355
1847355
1844817
1844817
1847241
1847241
1651944
1811109
92122
92122
1859807
1859807
862651
1609253
1788028
77281
77281
77281
92103
92103
92103
92103
92103
1675033
1034670
1675033
1675033
1487428
1487428
1671584
1820190
1110646
1839519
1839519
1722438
1859639
1835416
1870778
1870778
1835416
1933644
1844507
1844507
1844389
1844389
1852061
1852061
1819848
1851909
1851909
1795589
1826011
1826011
1881462
1881462
892553
1661779
1807846
1885680
753308
753308
1838162
1838162
1865701
1970622
1970622
1859035
1859035
1865701
1865701
1946021
1946021
1946021
1842939
1452804
1947559
1619312
1756404
1378701
1748680
1474098
1474098
1097362
1097362
1097362
1828248
1828248
1837607
1831978
1831978
1091748
1091748
1820875
1859690
1494413
1377936
1377936
1377936
1377936
1815436
1871638
1871638
1454480
1845368
1845368
1889983
1889983
1883983
1883983
1862993
1862993
1851182
1851182
895421
895421
895421
895421
1821159
1882078
1882078
1882078
886982
876378
1843370
1843370
1843370
1865248
1865248
1831979
1831979
1903145
1835378
1159508
1159508
1159508
1159508
1159508
1159508
1159508
1651308
1811063
1820302
1488813
18349
1857086
36966
36966
36966
36966
36966
1678130
1678130
1851959
1851959
1836274
1836274
1501729
1834336
1834336
1819498
1819498
1841408
1661053
1860663
1860663
1869673
1937891
1937891
1865111
1865111
1865111
1956055
1956055
1956055
1004315
1004315
1793229
1332551
1332551
1844419
1844419
1860514
1860514
1438893
1554625
1554625
1554625
1554625
1554625
1554625
1554625
1554625
1273685
1273685
1527590
1273685
1824893
1788756
1776661
1894210
1894210
1894210
1895144
1895144
1495222
1495222
1495222
1495222
1882198
1882198
1852749
1852749
1876716
1876716
1876716
1889450
1889450
1848323
1848323
1750153
1818605
1818605
1099219
1836875
1716947
1841330
1261249
1527590
1527590
1527590
1874074
92108
1788841
1860871
1860871
1534043
1747009
1820566
1829322
1829322
1321741
1321741
64463
107815
917251
1469395
1824185
1824185
1824153
1957538
1907685
1297996
1847986
1873324
1873324
1682220
1682220
1682220
1682220
1682220
1682220
1682220
1682220
1845097
1610853
1114700
1830210
1397183
1843973
1843973
1853070
1853070
771992
1827871
1913210
61004
1571283
1520118
1844224
1045450
1045450
1855631
1888846
1862463
1862463
1852019
1852019
1865861
1865861
1758699
1798562
1873213
1726079
1538495
1126956
1907982
1759824
1846253
1868269
898174
1830029
1830029
1936258
1333986
1333986
1832765
1832765
1852039
1854963
798949
1651721
1819438
1871321
1834755
1834755
1675426
230557
1826660
1644903
1348362
1068689
36270
1849820
1612188
1799191
1847607
1847607
1847607
1840353
1840353
1414767
1820144
1840502
1875547
1685040
1685040
1685040
896429
1840199
1816233
1080319
1974044
1870144
1839610
1839610
1419951
1856031
1513525
1654595
1080657
1080657
1464423
1464423
1393311
1818502
1618563
1950246
927971
1393311
1393311
1393311
1907730
1907730
1907730
1393311
1393311
1393311
1393311
1393311
1393311
1393311
1393311
1729944
1809987
927971
927971
927971
927971
927971
927971
1874315
927971
927971
927971
927971
927971
927971
927971
927971
927971
927971
927971
927971
927971
927971
927971
927971
1455626
1847064
1964504
1964504
1817232
1817232
1718405
1718405
1621221
1520504
1819395
1828105
1468492
947484
1814215
1043219
1575311
1872525
1826397
1004724
1336364
1852353
1131554
1298946
1964979
1556593
1419554
1936804
1556593
1556593
1556593
1805077
1872812
1907223
1907223
1907223
1640043
1640043
1836981
1804176
1826889
1922097
1879851
1879851
1898416
1941536
1854463
1854463
1854463
1834026
1533232
1533232
1533232
1533232
1831096
1719406
1708410
1839586
1822145
1813814
1813814
11544
11544
11544
1498382
899051
899051
1034957
866368
866368
866368
1725872
1392694
1876945
1957783
1802457
883948
1466026
1077428
712771
1844505
1844505
1824036
1826681
1255474
1255474
1479247
1479247
1716951
1716951
1853816
1822791
1937987
1937987
736772
1841800
1624422
1295810
1295810
1679688
1679688
1679688
1806347
1209028
1209028
1209028
1841610
1841610
720005
794685
35527
35527
719739
1825452
1576018
1576018
1848763
1892316
1843248
1843248
81023
1830033
1830033
1075415
1075415
1423689
1423689
1849737
1849737
1856948
1423689
1086888
1086888
1086888
1825473
1825473
1912461
1912461
1779372
1851484
1851484
1853138
1853138
886163
886163
886163
886163
1888654
1703644
1870404
1870404
1855485
1880319
1864943
1645873
1788348
312070
312070
312070
312070
312070
312070
312070
312070
312070
312070
312070
312070
312070
312070
312070
312070
312070
312070
312070
312070
312070
312070
312070
312070
312070
312070
312070
1930313
1879221
1930313
1940674
1824204
798359
1748137
1253986
1253986
1253986
1844971
1819516
1408057
1408057
831609
1931691
1462223
1862068
1862068
1412100
1822366
1822366
1846702
1931691
1825962
1825962
1895249
1895249
1895249
1838359
1811856
1803901
1752828
72573
1835972
1835972
1845815
1632970
1839530
1839530
1863181
1865200
1865200
1840317
1840317
1862327
1862327
1834518
1834518
1932737
1821850
1846084
1282957
1345126
1849058
1849058
1723648
1723648
1174169
1174169
1174169
1174169
1582982
1582982
1853047
1853047
1849294
1849294
1901336
1901336
1885444
1870129
1870129
1950429
1950429
1950429
1885444
1852736
1852736
1604174
1604174
1604174
1604174
1754836
1754836
1828972
1839175
1839175
1844149
1844149
1844149
1823466
1708341
1356093
1861622
1861622
936528
857855
744452
1790625
314808
1854583
1854583
1817640
1817640
1486159
1927719
823277
823277
823277
823277
1865120
1865120
1879373
1879373
1752474
1842556
1276187
1276187
1276187
1965143
1832511
1919182
1864531
1864531
1629019
310522
1629019
1629019
1408534
1831006
1831006
1845013
1845013
320335
1901886
1901886
1859686
1843477
1859686
1843477
1843477
1855474
1855474
1579684
36104
763901
1413159
1843121
1843121
1413159
1630805
1630805
1630805
36104
36104
1721056
1760764
936340
936340
1357878
1467845
1610820
1332174
1332174
895728
895728
895728
1876581
1819810
1905660
1905660
945764
1815849
1813756
1308106
1308106
1695519
1695519
1705012
1705012
895728
895728
895728
895728
895728
895728
895728
895728
1175483
1175483
1175483
1673481
1837929
1837929
1836100
1836100
1703956
1853630
98222
98222
98222
1841925
1482541
718940
718940
718940
718940
1946563
1775734
1224608
68622
1712762
1512228
1831481
1831481
1475260
1475260
1588272
1844642
1844642
1802749
1560385
1560385
1560385
1825079
1784851
1862490
1446457
1845123
1845123
1780312
1848334
75208
1824920
1779128
18654
18654
1758488
1897245
1897245
1897245
1648636
1881551
1881551
1828739
845877
845877
845877
1539638
1883814
1787518
1787518
1787518
1890671
1890671
1882464
1882464
1978528
1882464
1856161
1856161
1851612
1851612
1874495
1874495
1802450
1802450
1812360
1603016
1837412
897802
1059262
921638
1865045
1865045
1089907
1839341
1813914
1794846
1794846
1794846
1794846
1464343
1464343
1845437
1836833
1816708
1879248
1847846
1822993
1692787
1356115
1843714
1837671
1843714
1792849
1785424
1709682
1921332
1415311
1415311
1415311
1415311
1415311
1415311
1415311
1415311
1415311
1415311
1415311
1415311
1415311
1415311
1415311
1415311
831001
831001
1957489
920112
1805521
899689
899689
1601712
1848437
1848437
1866838
1866838
1866838
1487918
1848821
1848821
1823652
1855693
1855693
1852016
1852016
1861541
1912582
1912582
1912582
1725134
1770141
1839998
1819794
1660734
1660734
1660734
1660734
1781162
1839990
1839990
874761
1122491
1852407
1852407
1852407
61398
66570
1400810
712534
1913510
948320
72971
72971
72971
1232384
1232384
1232384
28917
1812173
1411342
1411342
1411342
1843724
1818674
1620179
1873441
1873441
1818089
1818089
720672
720672
1880151
720672
1880151
1922331
1922331
1922331
861967
1861121
1861121
1918661
46195
759944
1816613
1160106
1015383
1136174
1929589
1816581
1816581
1953530
1870143
1870143
1915328
1915328
1101026
1821075
1096691
72971
947263
7789
7789
1883788
1883788
1883788
947263
947263
1000275
1000275
1267395
1848672
1593773
1809196
1886190
1813658
1547546
1631596
1838293
1838513
1838513
1861541
1856961
1856961
203596
1025835
1835856
808219
1828108
1668370
1701963
1326160
1424657
1875493
1875493
1875493
1831964
1831964
1868775
1868775
1868775
1872964
1791706
1355096
1888740
1840877
811156
811156
811156
1506492
1580262
91576
1404912
1668523
1849380
1849380
1805833
1505611
1587603
1875931
1001085
1001085
1001085
1001085
1001085
1590364
1590364
1590364
1590364
1495240
925741
1896049
1865506
1865506
58411
1753673
1764046
1863362
1858685
1833214
1001085
1001085
1001085
1699880
1885408
1827899
1827899
1114446
1828250
1828250
39263
1527166
1862150
1819989
1867443
1867443
1476045
1903392
1903392
1903392
927628
927628
927628
927628
927628
1823000
1823000
1829953
1829953
1847351
1847351
1774983
1878074
1878074
1878074
1299939
1800682
1545772
1545772
1545772
1880441
1880441
1398805
1114446
1114446
1831270
1831270
1527469
1527469
1527469
1527469
1860805
1428205
6176
1844981
1844981
1841675
1861841
1648087
1590715
896493
1889106
1889106
1889106
1819574
760498
1937441
1843656
1843656
1114446
1114446
1883962
1883962
1518461
1114446
1114446
1881741
1881741
1838337
1838337
1042046
1042046
1903870
1769624
1882963
1882963
1903464
1903464
1903464
1267238
1503290
1824884
1824884
879911
1789029
1042046
1838672
1823584
1039828
1039828
1867102
1805385
1114446
886128
798941
798941
915191
1114446
915191
862831
1869601
1869601
1869601
1889123
1889123
1855555
1855555
1855555
1843762
1506307
1800347
1114446
1114446
1915380
1915380
1830214
1880613
949039
1053092
1871745
1871745
826675
1809750
1828522
922247
1668010
1053092
1838163
1838163
1913577
1913577
1776909
1583771
1834032
1834032
49196
49196
49196
1842937
1842937
1114446
1708176
1822886
1822886
1822886
1840776
1373670
1855612
1662574
1738758
832489
1323468
1805087
1451448
1451448
1451448
1866547
1866547
1848731
1894630
1894630
921671
1053092
1888734
1888734
1888734
1799983
1894951
1894951
1260729
1839608
1804469
1828937
1753706
1666175
883569
1026214
1026214
915191
1840161
1840161
1666175
915191
700564
1852633
1852633
1854587
1835654
1554818
1843993
1843993
14930
14930
14930
909531
1136352
73124
1341317
1854275
1854275
1867956
732717
732717
1792941
1786248
732717
1703079
1869858
1869858
1603923
1046179
1918694
88948
88948
1899830
1868640
1895262
1895262
1895262
1535778
1838831
1838831
1874474
1833498
1883085
1727255
1861974
1947244
895126
895126
895126
1434389
1509589
1509589
1834045
1854458
1854458
1710680
1909417
1852536
1854526
1131312
1817760
1858007
1858007
1858007
1847345
1847345
1823794
1711570
1810140
17313
1163739
1111711
797468
1332349
1691936
1863990
1863990
1739174
1739174
1844862
1855457
1058307
1964021
1761534
1735041
1468091
37996
37996
37996
1400891
1693577
19617
19617
19617
19617
19617
1115055
1841425
1819796
769218
1234006
1864032
1864032
1848020
1848020
1497645
1883835
1848739
1137774
1137774
1137774
1648960
1819493
1471824
1471824
1471824
1471824
1471824
1471824
1808377
1922858
1922858
1502292
86759
860748
1975218
1975218
1848756
1848756
1883984
1883984
1883984
1723580
1893219
1893219
1281761
1070423
1829432
1829432
1605888
1653384
1653384
1657853
1819615
1847112
1914023
1914023
1847112
769594
1546066
1546066
1546066
1546066
1546066
1841024
1841024
1822372
1633336
1839132
1871983
1610940
1610940
1591890
1857518
1857518
1857518
1868573
1868573
1900402
1900402
1851961
1851961
1845550
1845550
1676047
1871890
1357671
1753539
1051512
1051512
1846750
1846750
92230
92230
92230
1900679
1900679
1087711
707388
1793497
1894693
1649009
1875609
1840856
1817218
1817218
1032208
1509470
1885336
1053092
1114446
1822966
1824403
1743905
930236
913144
1838108
1838108
1860879
1860879
1915403
316709
1893325
1893325
1483934
1114446
1869824
1869824
1819142
1849902
1849902
1823587
1834645
1821606
1821606
1512922
1842356
1114446
1490349
1853580
1853580
1945422
910073
1820175
1820175
1866816
1866816
707179
707179
1259429
1259429
1624326
1852973
1852973
1102112
1825024
1810560
1501072
1464790
1464790
1464790
1464790
1464790
1464790
1464790
1464790
1464790
1812727
1697851
1324948
1874218
1860484
1860484
1816431
1114446
1830795
1532619
1821329
1821329
1876431
911421
1022899
1833835
1287032
1847440
1847440
1114446
1053092
1114446
1084267
1863719
1863719
1114446
66004
1856995
1856995
1837344
1837344
1945711
1721386
1496254
1496254
1779474
1898795
1849475
1114446
1587987
1587987
1865631
13372
13372
1875091
1858028
1858028
1858028
1527352
1468929
1832950
1832950
1831359
1831359
1755953
1729750
1865468
1865468
1865468
1847577
1847577
1834974
1834974
1611983
1823086
1823086
1835512
1685428
59558
1806524
1818644
1875257
1875257
1846235
1846235
1846235
1562463
1837493
750577
4281
1716583
1114446
1831868
1114446
1114446
1114446
1841586
1841586
1857410
1857410
1817868
1817868
933267
1831874
1831874
1850262
1850262
51434
1053092
1053092
1114446
1793497
1266806
1783398
1114446
100826
1053092
884614
1053092
1830188
1712189
1879814
1879814
1630472
1021096
1053092
910267
1096275
946486
1527541
1866226
1866226
1534525
1015328
1114446
791908
791908
1053092
1863006
1053092
1892747
1892747
1104038
929008
1868419
1868419
801337
1866501
1692819
1212545
1855644
1918884
1861449
1550913
1836176
1865631
1431852
1973056
1852767
1469115
1965473
1841761
1662972
1945422
1796949
1853397
1765651
1781629
748954
1389207
1865697
1858681
1372920
1552198
1853397
1446705
1931055
1162896
1512673
1437153
1958217
1009829
1826667
1851230
862831
919175
1087711
1887912
1851230
1373853
707511
1845459
1865697
920990
1381871
886744
1934945
1893657
1823882
1844417
1560293
1550913
1814287
1796514
1840776
1884082
1442655
1973056
1838987
1733861
1910975
1945422
1698538
